101 50 101
2 1 3000
4 3 2
6 5 4
8 7 6
10 9 8
12 11 10
14 13 12
16 15 14
18 17 16
20 19 18
22 21 20
24 23 22
26 25 24
28 27 26
30 29 28
32 31 30
34 33 32
36 35 34
38 37 36
40 39 38
42 41 40
44 43 42
46 45 44
48 47 46
50 49 48
52 51 50
54 53 52
56 55 54
58 57 56
60 59 58
62 61 60
64 63 62
66 65 64
68 67 66
70 69 68
72 71 70
74 73 72
76 75 74
78 77 76
80 79 78
82 81 80
84 83 82
86 85 84
88 87 86
90 89 88
92 91 90
94 93 92
96 95 94
98 97 96
100 99 98
1 1
3 1
5 1
7 1
9 1
11 1
13 1
15 1
17 1
19 1
21 1
23 1
25 1
27 1
29 1
31 1
33 1
35 1
37 1
39 1
41 1
43 1
45 1
47 1
49 1
51 1
53 1
55 1
57 1
59 1
61 1
63 1
65 1
67 1
69 1
71 1
73 1
75 1
77 1
79 1
81 1
83 1
85 1
87 1
89 1
91 1
93 1
95 1
97 1
99 1
1 1
3 1
5 1
7 1
9 1
11 1
13 1
15 1
17 1
19 1
21 1
23 1
25 1
27 1
29 1
31 1
33 1
35 1
37 1
39 1
41 1
43 1
45 1
47 1
49 1
51 1
53 1
55 1
57 1
59 1
61 1
63 1
65 1
67 1
69 1
71 1
73 1
75 1
77 1
79 1
81 1
83 1
85 1
87 1
89 1
91 1
93 1
95 1
97 1
99 1
3000 1
