40 780 400
1 2 1197
1 3 4672
1 4 9582
1 5 4141
1 6 715
1 7 7404
1 8 6366
1 9 1008
1 10 9528
1 11 5264
1 12 9175
1 13 6935
1 14 1140
1 15 9941
1 16 9836
1 17 3208
1 18 7872
1 19 5386
1 20 8287
1 21 7338
1 22 6493
1 23 6750
1 24 8669
1 25 9473
1 26 9599
1 27 6234
1 28 2607
1 29 4280
1 30 7880
1 31 712
1 32 295
1 33 8186
1 34 1352
1 35 3407
1 36 6790
1 37 1525
1 38 7887
1 39 9847
1 40 5018
2 3 5522
2 4 7620
2 5 4904
2 6 604
2 7 8189
2 8 3790
2 9 9995
2 10 6869
2 11 3081
2 12 8831
2 13 1888
2 14 4100
2 15 9355
2 16 1619
2 17 8973
2 18 349
2 19 5192
2 20 5746
2 21 875
2 22 4800
2 23 2712
2 24 3359
2 25 8203
2 26 9528
2 27 3749
2 28 7370
2 29 4237
2 30 2442
2 31 5551
2 32 2514
2 33 8333
2 34 7289
2 35 9256
2 36 5016
2 37 167
2 38 1362
2 39 570
2 40 8234
3 4 3259
3 5 2179
3 6 6837
3 7 2884
3 8 7479
3 9 8067
3 10 1448
3 11 7388
3 12 9853
3 13 7558
3 14 1698
3 15 5373
3 16 8246
3 17 6506
3 18 9696
3 19 3884
3 20 9674
3 21 236
3 22 8687
3 23 6410
3 24 6956
3 25 7463
3 26 7301
3 27 9005
3 28 5537
3 29 5649
3 30 948
3 31 4171
3 32 8208
3 33 4261
3 34 418
3 35 5974
3 36 8286
3 37 8332
3 38 1192
3 39 8009
3 40 8012
4 5 2668
4 6 7704
4 7 8810
4 8 1275
4 9 140
4 10 7173
4 11 483
4 12 1664
4 13 8400
4 14 9263
4 15 9134
4 16 9040
4 17 4317
4 18 7296
4 19 5752
4 20 335
4 21 4698
4 22 4297
4 23 2209
4 24 5138
4 25 789
4 26 5045
4 27 829
4 28 3229
4 29 5610
4 30 1352
4 31 7215
4 32 6883
4 33 9170
4 34 9074
4 35 6810
4 36 3185
4 37 1112
4 38 6786
4 39 8168
4 40 5892
5 6 5887
5 7 9557
5 8 1112
5 9 8408
5 10 323
5 11 3584
5 12 5748
5 13 365
5 14 4429
5 15 6297
5 16 6380
5 17 9596
5 18 531
5 19 256
5 20 974
5 21 6549
5 22 6377
5 23 6010
5 24 1470
5 25 3926
5 26 8381
5 27 7124
5 28 6474
5 29 7905
5 30 7992
5 31 1593
5 32 6091
5 33 7586
5 34 3234
5 35 1068
5 36 916
5 37 7591
5 38 7185
5 39 182
5 40 4113
6 7 4958
6 8 7337
6 9 9744
6 10 9309
6 11 3773
6 12 6897
6 13 8837
6 14 3960
6 15 9119
6 16 6930
6 17 4903
6 18 2223
6 19 7331
6 20 1633
6 21 3263
6 22 8309
6 23 6200
6 24 4739
6 25 9273
6 26 7298
6 27 5606
6 28 6609
6 29 6450
6 30 3885
6 31 9665
6 32 3414
6 33 31
6 34 509
6 35 3618
6 36 6049
6 37 7379
6 38 7854
6 39 1397
6 40 5332
7 8 7035
7 9 3082
7 10 704
7 11 8415
7 12 623
7 13 9203
7 14 7230
7 15 9345
7 16 3066
7 17 1616
7 18 1648
7 19 1657
7 20 4182
7 21 6910
7 22 4716
7 23 8019
7 24 2698
7 25 8839
7 26 7167
7 27 4410
7 28 2635
7 29 7377
7 30 6018
7 31 3668
7 32 9307
7 33 9163
7 34 9800
7 35 4653
7 36 3466
7 37 2879
7 38 2272
7 39 4174
7 40 4444
8 9 1131
8 10 3186
8 11 2647
8 12 1812
8 13 2191
8 14 1203
8 15 5476
8 16 1716
8 17 549
8 18 4426
8 19 8972
8 20 7010
8 21 4239
8 22 5616
8 23 4919
8 24 4998
8 25 9058
8 26 7987
8 27 2557
8 28 9959
8 29 9946
8 30 1900
8 31 881
8 32 8333
8 33 5900
8 34 1973
8 35 7171
8 36 7703
8 37 8691
8 38 7121
8 39 6733
8 40 9686
9 10 6057
9 11 9639
9 12 3099
9 13 7630
9 14 5782
9 15 8112
9 16 319
9 17 1385
9 18 9702
9 19 8831
9 20 6408
9 21 9876
9 22 6391
9 23 6785
9 24 9344
9 25 4405
9 26 1309
9 27 9311
9 28 5282
9 29 9306
9 30 4446
9 31 4831
9 32 8433
9 33 1148
9 34 6391
9 35 7024
9 36 1155
9 37 3325
9 38 2748
9 39 414
9 40 1532
10 11 8380
10 12 3113
10 13 1466
10 14 3724
10 15 6320
10 16 759
10 17 6062
10 18 2059
10 19 9292
10 20 6768
10 21 6314
10 22 1729
10 23 4738
10 24 6562
10 25 8744
10 26 1256
10 27 225
10 28 6965
10 29 4259
10 30 875
10 31 2320
10 32 2616
10 33 4780
10 34 2148
10 35 2750
10 36 4036
10 37 9725
10 38 8035
10 39 6721
10 40 1908
11 12 2891
11 13 654
11 14 5854
11 15 7256
11 16 4963
11 17 5003
11 18 6590
11 19 1362
11 20 9605
11 21 8258
11 22 8134
11 23 6040
11 24 2047
11 25 1675
11 26 2713
11 27 4417
11 28 7207
11 29 7217
11 30 6472
11 31 5047
11 32 4842
11 33 3962
11 34 3486
11 35 9934
11 36 3261
11 37 591
11 38 5494
11 39 4643
11 40 8201
12 13 7733
12 14 1114
12 15 4111
12 16 5546
12 17 9090
12 18 7236
12 19 4208
12 20 3533
12 21 6513
12 22 4397
12 23 6232
12 24 2846
12 25 3674
12 26 5213
12 27 8924
12 28 7986
12 29 3690
12 30 6854
12 31 12
12 32 3056
12 33 6441
12 34 4358
12 35 1231
12 36 7537
12 37 9018
12 38 3592
12 39 2395
12 40 42
13 14 5598
13 15 1557
13 16 950
13 17 5585
13 18 1628
13 19 218
13 20 3398
13 21 1021
13 22 7333
13 23 9
13 24 6777
13 25 9075
13 26 6579
13 27 6009
13 28 6090
13 29 585
13 30 7624
13 31 5368
13 32 2733
13 33 5290
13 34 3294
13 35 1639
13 36 5931
13 37 8915
13 38 7941
13 39 7326
13 40 2916
14 15 8767
14 16 87
14 17 503
14 18 7259
14 19 7456
14 20 8307
14 21 2533
14 22 3957
14 23 7693
14 24 8676
14 25 5174
14 26 9643
14 27 2731
14 28 6299
14 29 9757
14 30 5028
14 31 3020
14 32 1148
14 33 840
14 34 8215
14 35 1180
14 36 1378
14 37 5638
14 38 9721
14 39 267
14 40 726
15 16 4530
15 17 6044
15 18 8415
15 19 1709
15 20 9955
15 21 1371
15 22 9494
15 23 3031
15 24 9071
15 25 3637
15 26 3607
15 27 763
15 28 2189
15 29 1354
15 30 9369
15 31 7983
15 32 3248
15 33 5696
15 34 1686
15 35 868
15 36 2112
15 37 6722
15 38 932
15 39 2541
15 40 6684
16 17 3980
16 18 2930
16 19 2818
16 20 833
16 21 4152
16 22 2094
16 23 451
16 24 6891
16 25 6034
16 26 1518
16 27 5593
16 28 9867
16 29 6119
16 30 6667
16 31 4403
16 32 2828
16 33 7325
16 34 9931
16 35 1577
16 36 3320
16 37 8012
16 38 2297
16 39 2012
16 40 9231
17 18 2058
17 19 8378
17 20 6714
17 21 9394
17 22 386
17 23 1757
17 24 9586
17 25 4263
17 26 3668
17 27 3121
17 28 5791
17 29 8696
17 30 4761
17 31 2106
17 32 3273
17 33 1778
17 34 2215
17 35 9399
17 36 1288
17 37 9310
17 38 6659
17 39 6817
17 40 8418
18 19 7992
18 20 5417
18 21 1329
18 22 3503
18 23 8251
18 24 8734
18 25 5877
18 26 321
18 27 1910
18 28 3774
18 29 6284
18 30 8505
18 31 3482
18 32 8846
18 33 706
18 34 4441
18 35 4452
18 36 3799
18 37 6657
18 38 303
18 39 4469
18 40 9451
19 20 4645
19 21 1319
19 22 4170
19 23 1462
19 24 8828
19 25 4242
19 26 856
19 27 6915
19 28 5339
19 29 9285
19 30 2780
19 31 1104
19 32 1621
19 33 4316
19 34 9972
19 35 9075
19 36 8119
19 37 5173
19 38 2689
19 39 2088
19 40 773
20 21 3943
20 22 4574
20 23 2365
20 24 1298
20 25 6902
20 26 9169
20 27 7109
20 28 6936
20 29 3857
20 30 5553
20 31 5820
20 32 4398
20 33 2246
20 34 1601
20 35 5258
20 36 9082
20 37 4909
20 38 6528
20 39 587
20 40 4766
21 22 9633
21 23 9338
21 24 7269
21 25 8957
21 26 2757
21 27 9519
21 28 5672
21 29 5706
21 30 6756
21 31 8561
21 32 508
21 33 2825
21 34 5366
21 35 8198
21 36 2082
21 37 8248
21 38 9307
21 39 4785
21 40 4857
22 23 9969
22 24 2135
22 25 9974
22 26 3653
22 27 8301
22 28 2574
22 29 6850
22 30 6247
22 31 7844
22 32 3554
22 33 8649
22 34 4380
22 35 3409
22 36 2066
22 37 1211
22 38 6053
22 39 626
22 40 7359
23 24 1049
23 25 3864
23 26 3018
23 27 2009
23 28 8754
23 29 7701
23 30 1600
23 31 7851
23 32 7820
23 33 1170
23 34 5042
23 35 5864
23 36 5064
23 37 8374
23 38 4099
23 39 8778
23 40 9212
24 25 6237
24 26 3873
24 27 2879
24 28 7983
24 29 3927
24 30 9289
24 31 2491
24 32 3483
24 33 2456
24 34 3728
24 35 2936
24 36 5782
24 37 8095
24 38 9765
24 39 2648
24 40 214
25 26 8144
25 27 3414
25 28 1124
25 29 9770
25 30 6531
25 31 2770
25 32 7282
25 33 9818
25 34 2699
25 35 8197
25 36 5210
25 37 6591
25 38 1641
25 39 7899
25 40 2867
26 27 1642
26 28 4477
26 29 9695
26 30 9012
26 31 2154
26 32 13
26 33 9727
26 34 8566
26 35 3869
26 36 4847
26 37 2717
26 38 743
26 39 4533
26 40 135
27 28 4332
27 29 6186
27 30 811
27 31 8962
27 32 8487
27 33 2229
27 34 9213
27 35 1256
27 36 7733
27 37 6692
27 38 2944
27 39 9953
27 40 9071
28 29 4488
28 30 2455
28 31 4998
28 32 1781
28 33 6648
28 34 6803
28 35 3272
28 36 7350
28 37 433
28 38 6326
28 39 2241
28 40 7864
29 30 3856
29 31 8069
29 32 2077
29 33 1497
29 34 5698
29 35 3370
29 36 6901
29 37 5508
29 38 9670
29 39 8210
29 40 7240
30 31 332
30 32 1714
30 33 6677
30 34 2482
30 35 5314
30 36 9322
30 37 4456
30 38 8023
30 39 3737
30 40 2085
31 32 668
31 33 6368
31 34 6340
31 35 9922
31 36 9737
31 37 7420
31 38 483
31 39 9929
31 40 3225
32 33 2737
32 34 1742
32 35 2638
32 36 7671
32 37 7822
32 38 3405
32 39 367
32 40 9055
33 34 8397
33 35 9971
33 36 2418
33 37 9478
33 38 3987
33 39 2921
33 40 6779
34 35 8362
34 36 8746
34 37 2579
34 38 5244
34 39 685
34 40 5001
35 36 7074
35 37 9474
35 38 5369
35 39 3801
35 40 5704
36 37 8017
36 38 5244
36 39 4695
36 40 8791
37 38 5500
37 39 713
37 40 2840
38 39 3884
38 40 8016
39 40 6542
