401 798 5
1 2 1749
1 3 3978
2 3 9767
2 4 2465
3 4 5376
3 5 4637
4 5 6077
4 6 8192
5 6 1481
5 7 5845
6 7 16
6 8 2984
7 8 4252
7 9 8308
8 9 2638
8 10 806
9 10 7290
9 11 7964
10 11 3646
10 12 1985
11 12 1594
11 13 593
12 13 3845
12 14 5798
13 14 2508
13 15 4906
14 15 9772
14 16 2566
15 16 155
15 17 9190
16 17 4969
16 18 4505
17 18 7685
17 19 8864
18 19 2419
18 20 9404
19 20 3552
19 21 679
20 21 6740
20 22 2171
21 22 3484
21 23 529
22 23 9009
22 24 3664
23 24 277
23 25 8010
24 25 5269
24 26 7040
25 26 22
25 27 9697
26 27 3787
26 28 8698
27 28 8664
27 29 3500
28 29 9653
28 30 6066
29 30 5447
29 31 661
30 31 5748
30 32 1578
31 32 1576
31 33 2449
32 33 6593
32 34 2151
33 34 1356
33 35 9760
34 35 822
34 36 7217
35 36 1570
35 37 4685
36 37 7545
36 38 7484
37 38 5753
37 39 1739
38 39 7527
38 40 1335
39 40 3005
39 41 9017
40 41 197
40 42 2701
41 42 5509
41 43 8835
42 43 1635
42 44 1373
43 44 6061
43 45 4524
44 45 3576
44 46 2565
45 46 6240
45 47 8425
46 47 8802
46 48 6335
47 48 8744
47 49 1590
48 49 6079
48 50 391
49 50 7091
49 51 8084
50 51 5033
50 52 340
51 52 7179
51 53 6188
52 53 4817
52 54 7125
53 54 5440
53 55 6703
54 55 2897
54 56 4918
55 56 8029
55 57 6960
56 57 1743
56 58 4960
57 58 6554
57 59 7065
58 59 5003
58 60 2206
59 60 7889
59 61 5670
60 61 9652
60 62 4729
61 62 3850
61 63 9323
62 63 1521
62 64 5604
63 64 4275
63 65 3827
64 65 9442
64 66 8576
65 66 6953
65 67 9255
66 67 7636
66 68 6725
67 68 7310
67 69 7079
68 69 9759
68 70 7020
69 70 7906
69 71 1798
70 71 9676
70 72 2509
71 72 8115
71 73 8094
72 73 4983
72 74 2278
73 74 1011
73 75 8549
74 75 866
74 76 4464
75 76 6088
75 77 2111
76 77 5542
76 78 2557
77 78 9290
77 79 1057
78 79 1068
78 80 8134
79 80 5767
79 81 2837
80 81 6730
80 82 2413
81 82 3832
81 83 160
82 83 4287
82 84 2679
83 84 4886
83 85 4244
84 85 3779
84 86 85
85 86 6076
85 87 1806
86 87 3506
86 88 8098
87 88 9980
87 89 5918
88 89 3644
88 90 218
89 90 5136
89 91 6929
90 91 3393
90 92 3230
91 92 1382
91 93 1524
92 93 594
92 94 5198
93 94 6705
93 95 4796
94 95 7475
94 96 2476
95 96 6605
95 97 5200
96 97 2404
96 98 2140
97 98 3789
97 99 3329
98 99 9172
98 100 6533
99 100 4596
99 101 9894
100 101 5292
100 102 9203
101 102 3456
101 103 972
102 103 3765
102 104 6468
103 104 1914
103 105 1453
104 105 8350
104 106 7809
105 106 786
105 107 5504
106 107 2187
106 108 757
107 108 5331
107 109 2378
108 109 4397
108 110 8688
109 110 7149
109 111 4137
110 111 4454
110 112 8384
111 112 7182
111 113 6519
112 113 2156
112 114 4573
113 114 8801
113 115 303
114 115 7066
114 116 8689
115 116 7614
115 117 8006
116 117 2716
116 118 1015
117 118 5199
117 119 7340
118 119 2050
118 120 7782
119 120 2666
119 121 1383
120 121 7112
120 122 7217
121 122 1266
121 123 4439
122 123 3631
122 124 9889
123 124 9805
123 125 8147
124 125 1455
124 126 4985
125 126 3993
125 127 7585
126 127 2208
126 128 3020
127 128 837
127 129 1641
128 129 3739
128 130 486
129 130 642
129 131 1347
130 131 5409
130 132 1494
131 132 9347
131 133 8377
132 133 3308
132 134 6718
133 134 4648
133 135 543
134 135 1338
134 136 2094
135 136 3952
135 137 183
136 137 1142
136 138 1407
137 138 8785
137 139 6307
138 139 7896
138 140 2064
139 140 6164
139 141 1714
140 141 7089
140 142 473
141 142 3138
141 143 7009
142 143 8284
142 144 8925
143 144 917
143 145 6710
144 145 1595
144 146 4713
145 146 9509
145 147 6786
146 147 5917
146 148 4815
147 148 433
147 149 4287
148 149 1029
148 150 7936
149 150 4188
149 151 5508
150 151 6538
150 152 1212
151 152 8592
151 153 3280
152 153 2630
152 154 4340
153 154 8762
153 155 7111
154 155 7981
154 156 8868
155 156 482
155 157 1859
156 157 7089
156 158 258
157 158 3355
157 159 8639
158 159 2206
158 160 4759
159 160 6907
159 161 585
160 161 7152
160 162 4039
161 162 3327
161 163 3299
162 163 621
162 164 5543
163 164 2971
163 165 531
164 165 8962
164 166 6521
165 166 6463
165 167 4924
166 167 5555
166 168 9205
167 168 3923
167 169 5425
168 169 2557
168 170 8872
169 170 8698
169 171 7381
170 171 1427
170 172 5821
171 172 3430
171 173 4774
172 173 2917
172 174 6217
173 174 6349
173 175 6215
174 175 8157
174 176 3230
175 176 1505
175 177 3906
176 177 2854
176 178 9204
177 178 1220
177 179 2913
178 179 4863
178 180 6106
179 180 9254
179 181 9169
180 181 9691
180 182 9836
181 182 9106
181 183 5300
182 183 8563
182 184 5248
183 184 8263
183 185 2825
184 185 1934
184 186 6606
185 186 8360
185 187 1246
186 187 1621
186 188 5357
187 188 3672
187 189 9034
188 189 2400
188 190 9713
189 190 7039
189 191 2503
190 191 2961
190 192 17
191 192 2621
191 193 9975
192 193 8452
192 194 6003
193 194 5535
193 195 7769
194 195 3239
194 196 8417
195 196 4363
195 197 4794
196 197 7753
196 198 5753
197 198 3007
197 199 2074
198 199 1100
198 200 1893
199 200 4313
199 201 6953
200 201 2728
200 202 2551
201 202 4614
201 203 7561
202 203 3096
202 204 7989
203 204 3919
203 205 5515
204 205 1727
204 206 6933
205 206 8049
205 207 1541
206 207 9735
206 208 9425
207 208 4367
207 209 3643
208 209 5743
208 210 4368
209 210 8093
209 211 8649
210 211 8888
210 212 2495
211 212 9862
211 213 4047
212 213 915
212 214 3605
213 214 7415
213 215 6138
214 215 1261
214 216 9986
215 216 986
215 217 8397
216 217 1730
216 218 3500
217 218 9496
217 219 4995
218 219 4074
218 220 4615
219 220 6396
219 221 8607
220 221 3735
220 222 1020
221 222 9789
221 223 362
222 223 3990
222 224 5246
223 224 4533
223 225 6183
224 225 4786
224 226 3192
225 226 3618
225 227 3738
226 227 4195
226 228 5057
227 228 5346
227 229 9299
228 229 7025
228 230 3661
229 230 2893
229 231 6726
230 231 7866
230 232 8405
231 232 5370
231 233 222
232 233 5708
232 234 7610
233 234 488
233 235 2327
234 235 2358
234 236 4147
235 236 5351
235 237 1358
236 237 7505
236 238 4813
237 238 9134
237 239 964
238 239 8148
238 240 4755
239 240 3852
239 241 5649
240 241 8696
240 242 6215
241 242 7413
241 243 173
242 243 9784
242 244 4650
243 244 9049
243 245 4678
244 245 6103
244 246 5639
245 246 8173
245 247 3126
246 247 4521
246 248 6103
247 248 6459
247 249 2652
248 249 6185
248 250 2273
249 250 6319
249 251 6732
250 251 5989
250 252 9309
251 252 8997
251 253 9610
252 253 6316
252 254 6354
253 254 6105
253 255 1712
254 255 6158
254 256 2024
255 256 1227
255 257 1789
256 257 8518
256 258 9234
257 258 3604
257 259 4042
258 259 1149
258 260 2229
259 260 7039
259 261 8257
260 261 6911
260 262 3512
261 262 886
261 263 8860
262 263 8956
262 264 97
263 264 9658
263 265 9497
264 265 9985
264 266 9368
265 266 4304
265 267 4634
266 267 8547
266 268 2660
267 268 9839
267 269 6319
268 269 5385
268 270 434
269 270 722
269 271 306
270 271 197
270 272 447
271 272 251
271 273 125
272 273 2021
272 274 5506
273 274 6461
273 275 1026
274 275 5321
274 276 5493
275 276 1569
275 277 5114
276 277 5202
276 278 4698
277 278 4364
277 279 735
278 279 6018
278 280 6291
279 280 7691
279 281 3483
280 281 8561
280 282 3028
281 282 2401
281 283 4732
282 283 3244
282 284 8899
283 284 8020
283 285 2234
284 285 3501
284 286 8668
285 286 1413
285 287 8326
286 287 3237
286 288 5810
287 288 5675
287 289 2123
288 289 6929
288 290 3184
289 290 4949
289 291 4736
290 291 6700
290 292 7086
291 292 382
291 293 3110
292 293 2947
292 294 868
293 294 4320
293 295 6788
294 295 1497
294 296 4303
295 296 794
295 297 4313
296 297 813
296 298 520
297 298 861
297 299 8975
298 299 6881
298 300 1617
299 300 8158
299 301 6215
300 301 4758
300 302 4300
301 302 8960
301 303 5550
302 303 8912
302 304 4275
303 304 7606
303 305 8274
304 305 7700
304 306 1595
305 306 8418
305 307 2447
306 307 1449
306 308 379
307 308 9821
307 309 8664
308 309 5492
308 310 2438
309 310 1672
309 311 2479
310 311 5408
310 312 243
311 312 4073
311 313 2024
312 313 236
312 314 7161
313 314 1064
313 315 3225
314 315 9005
314 316 8238
315 316 5806
315 317 2125
316 317 1838
316 318 5184
317 318 5431
317 319 4249
318 319 2936
318 320 6518
319 320 336
319 321 7273
320 321 5670
320 322 3756
321 322 9374
321 323 7294
322 323 6920
322 324 9690
323 324 7305
323 325 9240
324 325 6183
324 326 2166
325 326 449
325 327 8293
326 327 9417
326 328 5199
327 328 6752
327 329 1824
328 329 3562
328 330 1286
329 330 8521
329 331 4429
330 331 2142
330 332 3056
331 332 7428
331 333 7451
332 333 2168
332 334 1294
333 334 2418
333 335 8596
334 335 494
334 336 4272
335 336 3797
335 337 3336
336 337 3753
336 338 8982
337 338 1761
337 339 1126
338 339 518
338 340 8166
339 340 7136
339 341 7946
340 341 6796
340 342 8467
341 342 568
341 343 5792
342 343 4514
342 344 2083
343 344 959
343 345 1131
344 345 5031
344 346 8581
345 346 6687
345 347 8866
346 347 8133
346 348 8854
347 348 3459
347 349 5719
348 349 3095
348 350 8420
349 350 3563
349 351 9632
350 351 1840
350 352 1163
351 352 9944
351 353 3933
352 353 3904
352 354 7842
353 354 9732
353 355 4003
354 355 3815
354 356 4874
355 356 9314
355 357 45
356 357 2787
356 358 4497
357 358 4100
357 359 6807
358 359 5091
358 360 4330
359 360 8469
359 361 9876
360 361 660
360 362 697
361 362 1669
361 363 7489
362 363 4853
362 364 8062
363 364 7821
363 365 5693
364 365 1593
364 366 8154
365 366 598
365 367 4996
366 367 5948
366 368 7445
367 368 8483
367 369 559
368 369 9125
368 370 1661
369 370 3827
369 371 683
370 371 1964
370 372 3029
371 372 6006
371 373 8348
372 373 9939
372 374 946
373 374 1423
373 375 1081
374 375 6192
374 376 1997
375 376 3516
375 377 8962
376 377 7398
376 378 2562
377 378 4915
377 379 9564
378 379 6437
378 380 2276
379 380 4645
379 381 364
380 381 719
380 382 8109
381 382 7745
381 383 9727
382 383 7123
382 384 4446
383 384 6383
383 385 4017
384 385 3809
384 386 226
385 386 2937
385 387 2611
386 387 1113
386 388 3482
387 388 4755
387 389 7426
388 389 4376
388 390 5767
389 390 6815
389 391 5602
390 391 9267
390 392 9379
391 392 1975
391 393 5879
392 393 3464
392 394 7419
393 394 7457
393 395 5215
394 395 1784
394 396 4404
395 396 1220
395 397 2152
396 397 324
396 398 9896
397 398 4875
397 399 6795
398 399 6088
398 400 7463
399 400 863
399 401 4964